Homes:
  main:
    X: 32.137679226579024
    Y: 41.0
    Z: 269.02983259685203
    Yaw: 129.18228
    Pitch: 28.427315
    World: world_the_end
