Homes:
  main:
    X: 2043.8423453295247
    Y: 135.0
    Z: 20005.31648996491
    Yaw: -122.29734
    Pitch: 2.5281918
    World: world
