Homes:
  main:
    X: -186.30000001192093
    Y: 106.0
    Z: 177.74416235960746
    Yaw: -69.744415
    Pitch: 7.2000384
    World: world
