Homes:
  main:
    X: 18.624662091798317
    Y: 41.0
    Z: 274.795048693626
    Yaw: -173.85007
    Pitch: 23.200006
    World: world_the_end
