Homes:
  main:
    X: 2040.2056855703138
    Y: 136.0
    Z: 19994.179458010396
    Yaw: 41.963867
    Pitch: 8.013049
    World: world
