Homes:
  main:
    X: 20.784890550833598
    Y: 41.0
    Z: 270.30000001192093
    Yaw: -23.93251
    Pitch: 21.148705
    World: world_the_end
