Homes:
  main:
    X: 24.70210396369716
    Y: 41.0
    Z: 267.8115309302053
    Yaw: -69.16934
    Pitch: 34.483322
    World: world_the_end
