Homes:
  main:
    X: -4.968096958775111
    Y: 66.0
    Z: 9.808320762062584
    Yaw: 100.35899
    Pitch: 32.250343
    World: world_nether
