Homes:
  main:
    X: -3579.0905889395435
    Y: 64.0
    Z: -767.2316630222984
    Yaw: 0.59999925
    Pitch: 1.95
    World: world
