Homes:
  main:
    X: 2044.4527039459329
    Y: 135.0
    Z: 20004.582253648296
    Yaw: -34.978477
    Pitch: 29.23125
    World: world
